20 1 0.25 25 0.25 25 0.01 50 0.01 50 50
20 1 0.25 25 0.25 25 0.01 50 0.01 50 100
20 1 0.25 25 0.25 25 0.01 50 0.01 50 200
20 1 0.25 25 0.25 25 0.01 50 0.01 50 500
20 2 0.25 25 0.25 25 0.01 50 0.01 50 50 50
20 2 0.25 25 0.25 25 0.01 50 0.01 50 100 100
20 2 0.25 25 0.25 25 0.01 50 0.01 50 200 200
20 2 0.25 25 0.25 25 0.01 50 0.01 50 500 500
20 3 0.25 25 0.25 25 0.01 50 0.01 50 50 50 50
20 3 0.25 25 0.25 25 0.01 50 0.01 50 100 100 100
20 3 0.25 25 0.25 25 0.01 50 0.01 50 200 200 200
20 3 0.25 25 0.25 25 0.01 50 0.01 50 500 500 500
20 4 0.25 25 0.25 25 0.01 50 0.01 50 50 50 50 50
20 4 0.25 25 0.25 25 0.01 50 0.01 50 100 100 100 100
20 4 0.25 25 0.25 25 0.01 50 0.01 50 200 200 200 200
20 4 0.25 25 0.25 25 0.01 50 0.01 50 500 500 500 500
20 5 0.25 25 0.25 25 0.01 50 0.01 50 50 50 50 50 50
20 5 0.25 25 0.25 25 0.01 50 0.01 50 100 100 100 100 100
20 5 0.25 25 0.25 25 0.01 50 0.01 50 200 200 200 200 200
20 5 0.25 25 0.25 25 0.01 50 0.01 50 500 500 500 500 500